/home/adelelakour/CLionProjects/An_effi_Ransac_RealSense_SAVED_SCENE/ObjRecognition/cmake-build-debug/RealsenseObjRec
Loading standard models ...
ObjRecRANSAC::addModel(): Adding 'apple' to the database ...
ObjRecRANSAC::addModel(): Adding 'Soda' to the database ...
ObjRecRANSAC::addModel(): Adding 'power_drill' to the database ...
recognizing
this is the size of constructed OCTREE 20262
fullLeaves.size 20262
ObjRecRANSAC::doRecognition(): recognizing objects [705 iteration(s), 1 thread(s)]
ObjRecRANSAC::sampleOrientedPointPairs(): sample pairs ... done.
ObjRecRANSAC::generateHypotheses(): generate hypotheses ...
100.0% done [52648 hypotheses]
number of Hypotheses is : 52648
number of sampled pairs : 702
ObjRecRANSAC::acceptHypotheses(): checking the hypotheses ... *pair_ids is .. 0
26 accepted.
 acceptedHypotheses SIZE : 26
Hypo : 
-0.850958 , 0.0274543 , 0.524516 , -0.118303 , -0.982991 , -0.140478 , 0.511738 , -0.181593 , 0.839731 , 125.617 , -46.0769 , 735.932
Hypo match score : 1538
Hypo : 
0.609465 , 0.766783 , -0.201486 , -0.406223 , 0.520271 , 0.7512 , 0.680834 , -0.375981 , 0.628572 , -135.899 , -9.29076 , 699.861
Hypo match score : 1845
Hypo : 
0.643565 , -0.0239247 , -0.765017 , 0.0310447 , -0.997873 , 0.057323 , -0.764762 , -0.0606408 , -0.641453 , 0.361183 , -22.1539 , 744.856
Hypo match score : 1673
Hypo : 
0.614249 , -0.216904 , -0.758716 , 0.241508 , 0.967018 , -0.0809319 , 0.751247 , -0.133524 , 0.646374 , -0.630342 , -74.0389 , 750.835
Hypo match score : 1485
Hypo : 
-0.686032 , -0.720432 , -0.101679 , -0.705608 , 0.692872 , -0.148479 , 0.17742 , -0.0301154 , -0.983674 , 0.687097 , -48.8367 , 781.332
Hypo match score : 1478
Hypo : 
0.727888 , -0.276485 , -0.627483 , 0.251224 , 0.959004 , -0.13114 , 0.638017 , -0.0621834 , 0.767507 , 2.74604 , -70.1241 , 749.32
Hypo match score : 1512
Hypo : 
0.447116 , -0.0314401 , -0.893923 , -0.0320263 , 0.998179 , -0.0511254 , 0.893903 , 0.051488 , 0.445294 , 3.25715 , -4.21671 , 753.759
Hypo match score : 1400
Hypo : 
0.18511 , 0.223566 , 0.956949 , 0.626086 , -0.777402 , 0.0605114 , 0.757463 , 0.587931 , -0.283877 , -468.675 , -4.18798 , 698.46
Hypo match score : 1437
Hypo : 
-0.715521 , -0.0253185 , 0.698132 , -0.064608 , -0.992662 , -0.102217 , 0.695597 , -0.118243 , 0.708634 , -4.43782 , -16.9832 , 750.479
Hypo match score : 1907
Hypo : 
-0.844677 , -0.0755562 , 0.529917 , -0.0368285 , -0.979438 , -0.198353 , 0.534008 , -0.18706 , 0.824526 , 1.42651 , -28.2515 , 753.867
Hypo match score : 1594
Hypo : 
-0.807366 , 0.587752 , -0.0520465 , 0.573806 , 0.761521 , -0.301385 , -0.137505 , -0.273192 , -0.952081 , 3.10405 , -41.9066 , 778.305
Hypo match score : 1550
Hypo : 
-0.480051 , 0.171827 , 0.860248 , -0.256926 , -0.965167 , 0.0494091 , 0.838773 , -0.197301 , 0.507476 , -18.0637 , -20.2735 , 754.336
Hypo match score : 1648
Hypo : 
-0.705188 , 0.593972 , -0.387179 , 0.70714 , 0.549443 , -0.445046 , -0.051612 , -0.58763 , -0.807482 , 191.741 , 50.4554 , 774.925
Hypo match score : 1477
Hypo : 
0.232761 , -0.750369 , 0.618683 , -0.957059 , -0.0636973 , 0.28281 , -0.172804 , -0.657943 , -0.732973 , -171.12 , 6.29382 , 749.397
Hypo match score : 1779
Hypo : 
0.23878 , 0.966737 , 0.0916769 , 0.970062 , -0.233156 , -0.067963 , -0.0443273 , 0.10516 , -0.993467 , -147.074 , 14.73 , 762.806
Hypo match score : 1509
Hypo : 
-0.757994 , -0.40718 , -0.509558 , 0.401804 , 0.323901 , -0.856529 , 0.513808 , -0.853986 , -0.0819081 , -419.021 , 29.5025 , 686.466
Hypo match score : 1448
Hypo : 
-0.0722992 , -0.265206 , 0.961477 , 0.967167 , 0.216844 , 0.132539 , -0.243641 , 0.939492 , 0.240821 , -182.81 , 4.00625 , 721.668
Hypo match score : 1424
Hypo : 
-0.82323 , -0.290335 , 0.487851 , 0.270395 , -0.956126 , -0.112738 , 0.499179 , 0.0391036 , 0.865616 , 107.134 , -29.6201 , 741.523
Hypo match score : 1404
Hypo : 
0.145395 , -0.970077 , -0.194448 , -0.967432 , -0.180559 , 0.17741 , -0.207211 , 0.162321 , -0.964736 , -9.85947 , -47.6718 , 782.099
Hypo match score : 1561
Hypo : 
0.976524 , -0.131941 , 0.170272 , -0.154937 , -0.979376 , 0.129678 , 0.149651 , -0.153015 , -0.976827 , -9.19668 , -57.6558 , 780.535
Hypo match score : 1517
Hypo : 
-0.859507 , -0.0438236 , 0.509241 , 0.00901218 , -0.997462 , -0.0706273 , 0.511044 , -0.0561153 , 0.857721 , 125.14 , -48.4948 , 734.389
Hypo match score : 1471
Hypo : 
-0.705331 , 0.317584 , -0.633757 , 0.609359 , 0.728436 , -0.313149 , 0.3622 , -0.60706 , -0.707311 , -412.45 , 11.4014 , 711.852
Hypo match score : 1434
Hypo : 
0.529385 , -0.182218 , -0.828582 , 0.118369 , 0.982973 , -0.140545 , 0.840083 , -0.0236762 , 0.54194 , 7.0996 , -64.964 , 749.187
Hypo match score : 1403
Hypo : 
0.775931 , -0.0835125 , -0.625265 , -0.028243 , -0.994803 , 0.0978208 , -0.630185 , -0.0582428 , -0.774257 , -5.88403 , -19.348 , 749.08
Hypo match score : 1515
Hypo : 
-0.778574 , 0.0330124 , 0.626684 , 0.280165 , 0.911859 , 0.300034 , -0.561543 , 0.409173 , -0.719199 , -168.792 , 7.64115 , 753.56
Hypo match score : 1717
Hypo : 
-0.335249 , -0.940339 , -0.0580546 , -0.899824 , 0.337845 , -0.276004 , 0.279151 , -0.0402912 , -0.959402 , -8.47838 , -42.8516 , 778.678
Hypo match score : 1712
____________________________________ 
ObjRecRANSAC::gridBasedFiltering(): We have 26 shapes to filter.
power_drill_0
apple_0
apple_2
Soda_4
Postprocessing .... done
It took 17.8658 Second to recognize the objects 
I detected power_drill
Pose_of_detected_shape_in_16 is .. 

-0.865371
-0.0159915
0.500877
119.943
-0.0441178
-0.993179
-0.107932
-43.7678
0.499186
-0.115499
0.858763
734.346
0
0
0
1
CNT_PNT_1 is .. 0.01289, 0.088768, 0.041186
CNT_PNT_2 is .. -0.00241699, 0.066632, -0.000798033
I detected apple
Pose_of_detected_shape_in_16 is .. 

0.581643
0.810298
-0.0714735
-140.719
-0.386657
0.352709
0.852111
-14.508
0.715673
-0.467988
0.518458
704.254
0
0
0
1
CNT_PNT_1 is .. -0.00750498, -0.0401271, 0.0416996
CNT_PNT_2 is .. -0.017969, 0.0278679, 0.0474271
I detected apple
Pose_of_detected_shape_in_16 is .. 

0.141199
0.298945
0.943766
-468.872
0.604806
-0.780778
0.156831
-8.0665
0.783756
0.548651
-0.291049
699.41
0
0
0
1
CNT_PNT_1 is .. -0.00750498, -0.0401271, 0.0416996
CNT_PNT_2 is .. -0.017969, 0.0278679, 0.0474271
I detected Soda
Pose_of_detected_shape_in_16 is .. 

-0.73321
-0.0221337
0.679642
-5.51553
-0.096453
-0.98598
-0.136165
-18.933
0.673127
-0.165391
0.720795
752.95
0
0
0
1
CNT_PNT_1 is .. -0.005836, 0.02936, 0.009658
CNT_PNT_2 is .. -0.021287, -0.017302, 0.048198
visualizing ...
Original PNT1_eigen: 12.89, 88.768, 41.186
Original PNT2_eigen: -2.41699, 66.632, -0.798033
power_drill pose_in_eigen is : 
 -0.865371 -0.0159915   0.500877    119.943
-0.0441178  -0.993179  -0.107932   -43.7678
  0.499186  -0.115499   0.858763    734.346
         0          0          0          1
PNT1_transformed 
  127.998
-136.944
 765.897
       1
PNT2_transformed 
  120.569
-109.752
 724.758
       1
Original PNT1_eigen: -7.50498, -40.1271, 41.6996
Original PNT2_eigen: -17.969, 27.8679, 47.4271
apple pose_in_eigen is : 
  0.581643   0.810298 -0.0714735   -140.719
 -0.386657   0.352709   0.852111    -14.508
  0.715673  -0.467988   0.518458    704.254
         0          0          0          1
PNT1_transformed 
 -180.58
9.77332
739.281
      1
PNT2_transformed 
 -131.979
 42.6822
 702.941
       1
Original PNT1_eigen: -7.50498, -40.1271, 41.6996
Original PNT2_eigen: -17.969, 27.8679, 47.4271
apple pose_in_eigen is : 
 0.141199  0.298945  0.943766  -468.872
 0.604806 -0.780778  0.156831   -8.0665
 0.783756  0.548651 -0.291049    699.41
        0         0         0         1
PNT1_transformed 
 -442.573
 25.2646
 659.376
       1
PNT2_transformed 
 -418.318
-33.2548
 686.813
       1
Original PNT1_eigen: -5.836, 29.36, 9.658
Original PNT2_eigen: -21.287, -17.302, 48.198
Soda pose_in_eigen is : 
  -0.73321 -0.0221337   0.679642   -5.51553
 -0.096453   -0.98598  -0.136165    -18.933
  0.673127  -0.165391   0.720795     752.95
         0          0          0          1
PNT1_transformed 
  4.67762
-48.6335
 751.127
       1
PNT2_transformed 
  43.2327
-6.38328
 776.224
       1

