/home/adelelakour/CLionProjects/An_effi_Ransac_RealSense_SAVED_SCENE/ObjRecognition/cmake-build-debug/RealsenseObjRec
Loading standard models ...
ObjRecRANSAC::addModel(): Adding 'apple' to the database ...
ObjRecRANSAC::addModel(): Adding 'Soda' to the database ...
ObjRecRANSAC::addModel(): Adding 'power_drill' to the database ...
recognizing
this is the size of constructed OCTREE 20262
fullLeaves.size 20262
ObjRecRANSAC::doRecognition(): recognizing objects [705 iteration(s), 1 thread(s)]
ObjRecRANSAC::sampleOrientedPointPairs(): sample pairs ... done.
ObjRecRANSAC::generateHypotheses(): generate hypotheses ...
100.0% done [52750 hypotheses]
number of Hypotheses is : 52750
number of sampled pairs : 702
ObjRecRANSAC::acceptHypotheses(): checking the hypotheses ... *pair_ids is .. 0
28 accepted.
 acceptedHypotheses SIZE : 28
Hypo : 
-0.52044 , 0.183108 , 0.834035 , 0.704942 , 0.643325 , 0.298647 , -0.481871 , 0.743373 , -0.463892 , -463.255 , -6.99881 , 706.977
Hypo match score : 1432
Hypo : 
-0.850504 , 0.0281898 , 0.525213 , -0.117422 , -0.983537 , -0.137359 , 0.512694 , -0.178496 , 0.839812 , 125.603 , -46.034 , 735.714
Hypo match score : 1617
Hypo : 
0.505566 , 0.856883 , -0.10077 , -0.52054 , 0.396077 , 0.756413 , 0.688071 , -0.329962 , 0.646285 , -139.471 , -9.34915 , 699.405
Hypo match score : 1775
Hypo : 
0.645495 , -0.022648 , -0.763429 , 0.0329781 , -0.997802 , 0.0574845 , -0.763052 , -0.0622824 , -0.643329 , 0.259749 , -22.2659 , 745.039
Hypo match score : 1761
Hypo : 
0.61145 , -0.21608 , -0.761209 , 0.237958 , 0.967676 , -0.0835463 , 0.754656 , -0.130051 , 0.643103 , -0.71716 , -74.0791 , 750.785
Hypo match score : 1461
Hypo : 
-0.684708 , -0.721664 , -0.101865 , -0.706063 , 0.691472 , -0.15278 , 0.180693 , -0.0326868 , -0.982996 , 0.652844 , -48.587 , 781.424
Hypo match score : 1525
Hypo : 
-0.834074 , 0.393294 , -0.386835 , 0.486265 , 0.855308 , -0.178871 , 0.260514 , -0.337295 , -0.904635 , 2.847 , -46.9633 , 778.411
Hypo match score : 1459
Hypo : 
0.177319 , 0.218852 , 0.959511 , 0.623582 , -0.779256 , 0.0624995 , 0.761383 , 0.587251 , -0.274649 , -468.934 , -4.36483 , 698.291
Hypo match score : 1508
Hypo : 
-0.710731 , -0.0253228 , 0.703008 , -0.0639037 , -0.992896 , -0.100371 , 0.700555 , -0.116261 , 0.704064 , -4.22241 , -16.9431 , 750.479
Hypo match score : 1871
Hypo : 
-0.854326 , -0.0724826 , 0.514658 , -0.0334158 , -0.980519 , -0.193563 , 0.518662 , -0.182563 , 0.835261 , 0.852427 , -28.1368 , 753.892
Hypo match score : 1562
Hypo : 
-0.810056 , 0.582622 , -0.0660358 , 0.571636 , 0.759627 , -0.31016 , -0.130544 , -0.288996 , -0.948388 , 3.98512 , -41.3635 , 777.996
Hypo match score : 1602
Hypo : 
-0.488311 , 0.172639 , 0.855423 , -0.253273 , -0.966081 , 0.0503929 , 0.835108 , -0.192048 , 0.515473 , -18.354 , -20.1916 , 754.192
Hypo match score : 1609
Hypo : 
-0.704307 , 0.593676 , -0.389232 , 0.708566 , 0.554355 , -0.436605 , -0.0434294 , -0.5833 , -0.811095 , 191.994 , 50.0209 , 775.137
Hypo match score : 1466
Hypo : 
0.296125 , -0.946341 , -0.129419 , 0.937502 , 0.313899 , -0.150192 , 0.182757 , -0.0768555 , 0.98015 , 83.3175 , 2.27681 , 732.625
Hypo match score : 1432
Hypo : 
0.335449 , 0.645951 , 0.685727 , 0.617865 , -0.700333 , 0.357458 , 0.711138 , 0.303778 , -0.634037 , -168.672 , -1.02776 , 748.598
Hypo match score : 1804
Hypo : 
0.23687 , 0.967563 , 0.0878313 , 0.970891 , -0.232434 , -0.0578429 , -0.0355517 , 0.0989759 , -0.994455 , -146.792 , 14.0929 , 762.774
Hypo match score : 1554
Hypo : 
-0.282771 , 0.901034 , 0.328904 , -0.214346 , -0.393587 , 0.893949 , 0.934931 , 0.182284 , 0.304428 , -446.516 , -37.6585 , 675.093
Hypo match score : 1461
Hypo : 
-0.272549 , -0.923247 , 0.270798 , -0.934878 , 0.187594 , -0.30135 , 0.227421 , -0.335296 , -0.914252 , -159.999 , 21.8226 , 756.961
Hypo match score : 1464
Hypo : 
-0.819277 , -0.289506 , 0.494946 , 0.268447 , -0.956398 , -0.115064 , 0.506676 , 0.0385977 , 0.861272 , 107.326 , -29.6036 , 741.478
Hypo match score : 1520
Hypo : 
0.888075 , 0.124662 , -0.442473 , 0.156887 , -0.98693 , 0.0368286 , -0.432099 , -0.102125 , -0.896025 , 9.53528 , -14.1484 , 748.248
Hypo match score : 1408
Hypo : 
0.933988 , 0.33181 , -0.132543 , 0.356716 , -0.887185 , 0.29267 , -0.0204798 , -0.320631 , -0.946983 , -6.1178 , -56.6993 , 778.945
Hypo match score : 1618
Hypo : 
0.974981 , -0.13298 , 0.178126 , -0.157942 , -0.978293 , 0.134156 , 0.156419 , -0.158933 , -0.97482 , -9.76345 , -57.9087 , 780.345
Hypo match score : 1592
Hypo : 
-0.860125 , -0.0440553 , 0.508176 , 0.00979852 , -0.997506 , -0.0698921 , 0.509988 , -0.0551366 , 0.858412 , 125.077 , -48.5216 , 734.513
Hypo match score : 1519
Hypo : 
-0.662922 , -0.428542 , -0.61391 , -0.317336 , 0.903513 , -0.288031 , 0.678109 , 0.0038737 , -0.734951 , -415.128 , 12.1134 , 715.798
Hypo match score : 1451
Hypo : 
0.533003 , -0.182854 , -0.826119 , 0.11411 , 0.982984 , -0.143953 , 0.838383 , -0.0175412 , 0.544799 , 7.18591 , -64.9642 , 748.889
Hypo match score : 1402
Hypo : 
0.77828 , -0.0839153 , -0.622285 , -0.0291176 , -0.994787 , 0.0977305 , -0.627242 , -0.0579423 , -0.776666 , -6.01645 , -19.3804 , 749.054
Hypo match score : 1600
Hypo : 
-0.0711045 , 0.740859 , 0.667886 , 0.888686 , -0.257016 , 0.379709 , 0.452969 , 0.62054 , -0.640116 , -169.063 , -0.0138834 , 750.269
Hypo match score : 1789
Hypo : 
-0.942421 , -0.322919 , -0.0869883 , -0.289521 , 0.917979 , -0.271093 , 0.167394 , -0.230299 , -0.958614 , -3.93671 , -40.5575 , 778.094
Hypo match score : 1764
____________________________________ 
ObjRecRANSAC::gridBasedFiltering(): We have 28 shapes to filter.
apple_0
power_drill_0
apple_1
Soda_0
Postprocessing .... done
It took 17.9665 Second to recognize the objects 
I detected apple
Pose_of_detected_shape_in_16 is .. 

-0.457003
0.189036
0.869145
-466.4
0.784822
0.545538
0.294012
-7.17921
-0.418573
0.816489
-0.397672
704.729
0
0
0
1
CNT_PNT_1 is .. -0.00750498, -0.0401271, 0.0416996
CNT_PNT_2 is .. -0.017969, 0.0278679, 0.0474271
I detected power_drill
Pose_of_detected_shape_in_16 is .. 

-0.863887
-0.0119499
0.503544
119.989
-0.0494154
-0.992885
-0.108341
-44.067
0.501256
-0.118477
0.85715
734.389
0
0
0
1
CNT_PNT_1 is .. 0.01289, 0.088768, 0.041186
CNT_PNT_2 is .. -0.00241699, 0.066632, -0.000798033
I detected apple
Pose_of_detected_shape_in_16 is .. 

0.519839
0.852467
-0.0553761
-141.166
-0.43561
0.320283
0.841227
-13.7397
0.734854
-0.41318
0.53784
703.781
0
0
0
1
CNT_PNT_1 is .. -0.00750498, -0.0401271, 0.0416996
CNT_PNT_2 is .. -0.017969, 0.0278679, 0.0474271
I detected Soda
Pose_of_detected_shape_in_16 is .. 

0.700618
-0.0269276
-0.713029
-2.58959
0.0635184
-0.992967
0.0999122
-20.7668
-0.710704
-0.115291
-0.69398
746.116
0
0
0
1
CNT_PNT_1 is .. -0.005836, 0.02936, 0.009658
CNT_PNT_2 is .. -0.021287, -0.017302, 0.048198
visualizing ...
Original PNT1_eigen: -7.50498, -40.1271, 41.6996
Original PNT2_eigen: -17.969, 27.8679, 47.4271
apple pose_in_eigen is : 
-0.457003  0.189036  0.869145    -466.4
 0.784822  0.545538  0.294012  -7.17921
-0.418573  0.816489 -0.397672   704.729
        0         0         0         1
PNT1_transformed 
 -434.313
-22.6999
 658.524
       1
PNT2_transformed 
 -411.699
 7.86548
 716.144
       1
Original PNT1_eigen: 12.89, 88.768, 41.186
Original PNT2_eigen: -2.41699, 66.632, -0.798033
power_drill pose_in_eigen is : 
 -0.863887 -0.0119499   0.503544    119.989
-0.0494154  -0.992885  -0.108341    -44.067
  0.501256  -0.118477    0.85715    734.389
         0          0          0          1
PNT1_transformed 
  128.532
-137.303
 765.636
       1
PNT2_transformed 
  120.879
-110.019
 724.599
       1
Original PNT1_eigen: -7.50498, -40.1271, 41.6996
Original PNT2_eigen: -17.969, 27.8679, 47.4271
apple pose_in_eigen is : 
  0.519839   0.852467 -0.0553761   -141.166
  -0.43561   0.320283   0.841227   -13.7397
  0.734854   -0.41318    0.53784    703.781
         0          0          0          1
PNT1_transformed 
 -181.584
 11.7564
 737.273
       1
PNT2_transformed 
 -129.377
 42.9104
  704.57
       1
Original PNT1_eigen: -5.836, 29.36, 9.658
Original PNT2_eigen: -21.287, -17.302, 48.198
Soda pose_in_eigen is : 
  0.700618 -0.0269276  -0.713029   -2.58959
 0.0635184  -0.992967  0.0999122   -20.7668
 -0.710704  -0.115291   -0.69398    746.116
         0          0          0          1
PNT1_transformed 
 -14.3554
 -49.326
 740.176
       1
PNT2_transformed 
 -51.4043
-0.12299
 729.791
       1

